# Created by Octave 6.3.0, Wed Oct 06 07:17:02 2021 GMT <unknown@LAPTOP-C8C0G02D>
# name: v
# type: matrix
# rows: 5
# columns: 1
 3000
 6000
 9000
 12000
 15000


